geometry,rey_a1,1,0,0,0,1,0,0,0,1,0,7.4,23.8,1,0,0,0,0,0,0,0,0,
sailt,sail1,1,0,0,0,1,0,0,0,1,0,8.5,23,1,0,0,0,0,0,0,0,0,
sailt,sail2,1,0,0,0,1,0,0,0,1,0,15,14,1,0,0,0,0,0,0,0,0,
sailt,sail3,1,0,0,0,1,0,0,0,1,0,6,17.2,1,0,0,0,0,0,0,0,0,
sailt2,sail1,1,0,0,0,1,0,0,0,1,0,10,26,1,0,0,0,0,0,0,0,0,
sailt2,sail2,1,0,0,0,1,0,0,0,1,0,23.5,15,1,0,0,0,0,0,0,0,0,
sailt2,sail3,1,0,0,0,1,0,0,0,1,0,7.9,20.3,1,0,0,0,0,0,0,0,0,
sailt,sail0,1,0,0,0,1,0,0,0,1,-0.6,9.5,22,1,0,0,0,0,0,0,0,0,
sailt2,sail0,1,0,0,0,1,0,0,0,1,-0.8,10.7,25.5,1,0,0,0,0,0,0,0,0,
mast1,ropeb100,1,0,0,0,1,0,0,0,1,0,11.4,29.7,1,0,0,0,0,0,0,0,0,
mast1,ropeb101,1,0,0,0,1,0,0,0,1,0,11.35,29.7,1,0,0,0,0,0,0,0,0,
mast1,ropeb102,1,0,0,0,1,0,0,0,1,0,9.35,25.85,1,0,0,0,0,0,0,0,0,
sailt,ropeb103,1,0,0,0,1,0,0,0,1,0,8.5,23,1,0,0,0,0,0,0,0,0,
sailt,ropeb104,1,0,0,0,1,0,0,0,1,0,15,14,1,0,0,0,0,0,0,0,0,
sailt,ropeb105,1,0,0,0,1,0,0,0,1,0,6,17.2,1,0,0,0,0,0,0,0,0,
sailt2,ropeb106,1,0,0,0,1,0,0,0,1,0,10,26,1,0,0,0,0,0,0,0,0,
sailt2,ropeb107,1,0,0,0,1,0,0,0,1,0,23.5,15,1,0,0,0,0,0,0,0,0,
sailt2,ropeb108,1,0,0,0,1,0,0,0,1,0,7.9,20.3,1,0,0,0,0,0,0,0,0,
mast1,ropee103,1,0,0,0,1,0,0,0,1,0,8,24.3,1,0,0,0,0,0,0,0,0,
mast1,ropee105,1,0,0,0,1,0,0,0,1,0,4.8,17.5,1,0,0,0,0,0,0,0,0,
mast1,ropee106,1,0,0,0,1,0,0,0,1,0,9.7,26.4,1,0,0,0,0,0,0,0,0,
mast1,ropee108,1,0,0,0,1,0,0,0,1,0,6,20.1,1,0,0,0,0,0,0,0,0,
mast1,ropee109,1,0,0,0,1,0,0,0,1,0,8.5,25.2,1,0,0,0,0,0,0,0,0,
mast1,ropee110,1,0,0,0,1,0,0,0,1,0,9,25.3,1,0,0,0,0,0,0,0,0,
mast1,ropee111,1,0,0,0,1,0,0,0,1,0,8.5,25.2,1,0,0,0,0,0,0,0,0,
mast1,ropee112,1,0,0,0,1,0,0,0,1,0,9,25.3,1,0,0,0,0,0,0,0,0,
mast1,ropee113,1,0,0,0,1,0,0,0,1,-0.1,18,11.33,1,0,0,0,0,0,0,0,0,
mast1,ropee114,1,0,0,0,1,0,0,0,1,0.1,18,11.33,1,0,0,0,0,0,0,0,0,