waterline,camera,1,0,0,0,1,0,0,0,1,1.5059,3.671885,0,1,0,0,0,0,0,0,0,0,
geometry,path,1,0,0,0,1,0,0,0,1,0,0,0,1,0,0,0,0,0,0,0,0,
hull,ropeb3,1,0,0,0,1,0,0,0,1,2.132219,3.238492,10.46529,1,0,0,0,0,0,0,0,0,
hull,ropeb4,1,0,0,0,1,0,0,0,1,-2.145003,3.238492,10.46529,1,0,0,0,0,0,0,0,0,
hull,ropeb25,1,0,0,0,1,0,0,0,1,-2.961536,1.992486,4.604506,1,0,0,0,0,0,0,0,0,
hull,ropeb26,1,0,0,0,1,0,0,0,1,2.974086,1.9993,4.604506,1,0,0,0,0,0,0,0,0,
hull,ropeb27,1,0,0,0,1,0,0,0,1,-2.961536,1.992486,4.307777,1,0,0,0,0,0,0,0,0,
hull,ropeb28,1,0,0,0,1,0,0,0,1,2.974086,1.9993,4.307777,1,0,0,0,0,0,0,0,0,
hull,ropeb29,1,0,0,0,1,0,0,0,1,2.132219,3.238492,10.46529,1,0,0,0,0,0,0,0,0,
hull,ropeb30,1,0,0,0,1,0,0,0,1,-2.145003,3.238492,10.46529,1,0,0,0,0,0,0,0,0,
hull,ropeb31,1,0,0,0,1,0,0,0,1,-2.961536,1.992486,4.307777,1,0,0,0,0,0,0,0,0,
hull,ropeb32,1,0,0,0,1,0,0,0,1,2.974086,1.9993,4.307777,1,0,0,0,0,0,0,0,0,
hull,ropeb69,1,0,0,0,1,0,0,0,1,-2.813406,2.112581,-4.107111,1,0,0,0,0,0,0,0,0,
hull,ropeb70,1,0,0,0,1,0,0,0,1,2.802363,2.102823,-4.107111,1,0,0,0,0,0,0,0,0,
hull,ropeb71,1,0,0,0,1,0,0,0,1,-2.813406,2.140343,-4.581256,1,0,0,0,0,0,0,0,0,
hull,ropeb72,1,0,0,0,1,0,0,0,1,2.802363,2.139851,-4.581256,1,0,0,0,0,0,0,0,0,
hull,ropeb74,1,0,0,0,1,0,0,0,1,2.802363,2.139851,-4.581256,1,0,0,0,0,0,0,0,0,
hull,ropeb73,1,0,0,0,1,0,0,0,1,-2.813406,2.140343,-4.581256,1,0,0,0,0,0,0,0,0,
hull,ropeb92,1,0,0,0,1,0,0,0,1,0.5621094,2.7592,-1.418381,1,0,0,0,0,0,0,0,0,
hull,ropeb91,1,0,0,0,1,0,0,0,1,-0.5654459,2.7592,-1.418381,1,0,0,0,0,0,0,0,0,
hull,ropeb95,1,0,0,0,1,0,0,0,1,1.489285,3.893135,-11.63104,1,0,0,0,0,0,0,0,0,
hull,ropeb94,1,0,0,0,1,0,0,0,1,-1.489066,3.893135,-11.63104,1,0,0,0,0,0,0,0,0,
hull,ropeb109,1,0,0,0,1,0,0,0,1,-0.5547111,2.939981,7.618279,1,0,0,0,0,0,0,0,0,
hull,ropeb113,1,0,0,0,1,0,0,0,1,-0.5547111,2.944125,7.630391,1,0,0,0,0,0,0,0,0,
hull,ropeb116,1,0,0,0,1,0,0,0,1,-0.5547111,2.954543,7.576796,1,0,0,0,0,0,0,0,0,
geometry,mast2,1,0,0,0,1,0,0,0,1,0,2.463685,7.41026,1,0,0,0,0,0,0,0,0,
geometry,mast1,1,0,0,0,1,0,0,0,1,0,2.424044,8.216055,1,0,0,0,0,0,0,0,0,
geometry,mast3,1,0,0,0,1,0,0,0,1,0,2.273091,-1.301187,1,0,0,0,0,0,0,0,0,
geometry,mast4,1,0,0,0,1,0,0,0,1,0,2.537322,-6.473944,1,0,0,0,0,0,0,0,0,
geometry,DeadeyeLF,1,0,0,0,1,0,0,0,1,-2.7,2.05,6.958991,1,0,0,0,0,0,0,0,0,
geometry,DeadeyeRF,1,0,0,0,1,0,0,0,1,2.7,2.05,6.958991,1,0,0,0,0,0,0,0,0,
geometry,DeadeyeRM,1,0,0,0,1,0,0,0,1,2.7,2,-1.964194,1,0,0,0,0,0,0,0,0,
geometry,DeadeyeLM,1,0,0,0,1,0,0,0,1,-2.7,2,-1.964194,1,0,0,0,0,0,0,0,0,
geometry,DeadeyeLB,1,0,0,0,1,0,0,0,1,-2.4,2.4,-6.739607,1,0,0,0,0,0,0,0,0,
geometry,DeadeyeRB,1,0,0,0,1,0,0,0,1,2.4,2.4,-6.739607,1,0,0,0,0,0,0,0,0,
cannonl,_1,-0.0007894624,0,0.9999997,0,1,0,-0.9999997,0,-0.0007894624,-2.780872,2.81102,-4.097236,1,0,0,0,0,0,0,0,0,
cannonl,_2,-0.0007894624,0,0.9999997,0,1,0,-0.9999997,0,-0.0007894624,-2.674446,2.949948,-6.062976,1,0,0,0,0,0,0,0,0,
cannonr,_3,-0.001919991,0,-0.9999982,0,1,0,0.9999982,0,-0.001919991,2.624653,2.949948,-6.062976,1,0,0,0,0,0,0,0,0,
cannonr,_4,-0.001919991,0,-0.9999982,0,1,0,0.9999982,0,-0.001919991,2.721616,2.81102,-4.097236,1,0,0,0,0,0,0,0,0,
fireplaces,locator5,1,0,0,0,1,0,0,0,1,-0.03171119,2.978911,-8.933475,1,0,0,0,0,0,0,0,0,
fireplaces,locator4,1,0,0,0,1,0,0,0,1,-1.354756,2.346805,-2.825886,1,0,0,0,0,0,0,0,0,
fireplaces,locator3,1,0,0,0,1,0,0,0,1,1.079651,2.346805,2.308621,1,0,0,0,0,0,0,0,0,
fireplaces,locator2,1,0,0,0,1,0,0,0,1,1.660713,2.511368,7.15432,1,0,0,0,0,0,0,0,0,
fireplaces,locator1,1,0,0,0,1,0,0,0,1,-1.377599,2.748451,8.743322,1,0,0,0,0,0,0,0,0,
geometry,fonar_day,1,0,0,0,1,0,0,0,1,0,-1.7,6,1,0,0,0,0,0,0,0,0,
geometry,fonar_night,1,0,0,0,1,0,0,0,1,0,-1.7,6,1,0,0,0,0,0,0,0,0,
lights,l001,1,0,0,0,1,0,0,0,1,1.489066,4.2,-12.2,1,0,0,0,0,0,0,0,0,
lights,l002,1,0,0,0,1,0,0,0,1,-1.489066,4.2,-12.2,1,0,0,0,0,0,0,0,0,
