geometry,path,1,0,0,0,1,0,0,0,1,0,0.4841703,8.840398E-18,1,0,0,0,0,0,0,0,0,
flares,fm2101,1,0,0,0,1,0,0,0,1,-0.06992857,26.12355,15.29601,1,0,0,0,0,0,0,0,0,
flares,fm3102,1,0,0,0,1,0,0,0,1,0.05214428,28.66676,-3.46403,1,0,0,0,0,0,0,0,0,
lights,l002,1,0,0,0,1,0,0,0,1,1.742957,10.10377,-20.12327,1,0,0,0,0,0,0,0,0,
lights,l001,1,0,0,0,1,0,0,0,1,-1.64056,10.06381,-20.12327,1,0,0,0,0,0,0,0,0,
lights,l003,1,0,0,0,1,0,0,0,1,0.04120973,5.738618,10.94154,1,0,0,0,0,0,0,0,0,
Hull,ropee3,1,0,0,0,1,0,0,0,1,-3.759609,5.157979,16.45839,1,0,0,0,0,0,0,0,0,
Hull,ropee4,1,0,0,0,1,0,0,0,1,3.759609,5.157979,16.45839,1,0,0,0,0,0,0,0,0,
Hull,ropee5,1,0,0,0,1,0,0,0,1,-3.831335,5.178585,11.98163,1,0,0,0,0,0,0,0,0,
Hull,ropee6,1,0,0,0,1,0,0,0,1,3.831335,5.178585,11.98163,1,0,0,0,0,0,0,0,0,
Hull,ropee11,1,0,0,0,1,0,0,0,1,3.744066,5.969162,-6.912377,1,0,0,0,0,0,0,0,0,
Hull,ropee12,1,0,0,0,1,0,0,0,1,-3.744066,5.969162,-6.912377,1,0,0,0,0,0,0,0,0,
Hull,ropee15,1,0,0,0,1,0,0,0,1,0.04571787,10.84956,-25.15874,1,0,0,0,0,0,0,0,0,
Hull,ropee16,1,0,0,0,1,0,0,0,1,-2.843118,5.67298,19.64922,1,0,0,0,0,0,0,0,0,
Hull,ropee17,1,0,0,0,1,0,0,0,1,2.843118,5.67298,19.64922,1,0,0,0,0,0,0,0,0,
Hull,ropee22,1,0,0,0,1,0,0,0,1,-3.331029,5.067386,5.447151,1,0,0,0,0,0,0,0,0,
Hull,ropee23,1,0,0,0,1,0,0,0,1,3.452955,5.067386,5.447151,1,0,0,0,0,0,0,0,0,
Hull,ropee24,1,0,0,0,1,0,0,0,1,1.639401,9.742044,-18.9438,1,0,0,0,0,0,0,0,0,
Hull,ropee25,1,0,0,0,1,0,0,0,1,-1.587737,9.742044,-18.9438,1,0,0,0,0,0,0,0,0,
Hull,ropee30,1,0,0,0,1,0,0,0,1,2.894452,7.304196,-6.912377,1,0,0,0,0,0,0,0,0,
Hull,ropee31,1,0,0,0,1,0,0,0,1,-2.894452,7.304196,-6.912377,1,0,0,0,0,0,0,0,0,
Hull,ropeb32,1,0,0,0,1,0,0,0,1,-0.5740251,6.151178,16.81521,1,0,0,0,0,0,0,0,0,
Hull,ropeb33,1,0,0,0,1,0,0,0,1,0.5481044,6.151178,16.81521,1,0,0,0,0,0,0,0,0,
Hull,ropeb35,1,0,0,0,1,0,0,0,1,0,10.38456,-2.648015,1,0,0,0,0,0,0,0,0,
Hull,ropeb42,1,0,0,0,1,0,0,0,1,1.639401,9.742044,-18.9438,1,0,0,0,0,0,0,0,0,
Hull,ropeb43,1,0,0,0,1,0,0,0,1,-1.587737,9.742044,-18.9438,1,0,0,0,0,0,0,0,0,
vants,vant1l,1,0,0,0,1,0,0,0,1,-3.759609,5.108739,15.80932,1,0,0,0,0,0,0,0,0,
vants,vant1r,1,0,0,0,1,0,0,0,1,-3.831335,5.178585,11.98163,1,0,0,0,0,0,0,0,0,
vants,vant2l,1,0,0,0,1,0,0,0,1,3.759609,5.109299,15.80932,1,0,0,0,0,0,0,0,0,
vants,vant2r,1,0,0,0,1,0,0,0,1,3.831335,5.178585,11.98163,1,0,0,0,0,0,0,0,0,
vants,vant3l,1,0,0,0,1,0,0,0,1,-3.943613,5.737093,-2.502744,1,0,0,0,0,0,0,0,0,
vants,vant3r,1,0,0,0,1,0,0,0,1,-3.744066,5.969162,-6.912377,1,0,0,0,0,0,0,0,0,
vants,vant4l,1,0,0,0,1,0,0,0,1,3.943613,5.737093,-2.502744,1,0,0,0,0,0,0,0,0,
vants,vant4r,1,0,0,0,1,0,0,0,1,3.744066,5.969162,-6.912377,1,0,0,0,0,0,0,0,0,
vants,vant5l,1,0,0,0,1,0,0,0,1,-2.968524,8.200331,-12.61508,1,0,0,0,0,0,0,0,0,
vants,vant5r,1,0,0,0,1,0,0,0,1,-2.661942,8.528131,-15.47488,1,0,0,0,0,0,0,0,0,
vants,vant6l,1,0,0,0,1,0,0,0,1,2.968524,8.200331,-12.61508,1,0,0,0,0,0,0,0,0,
vants,vant6r,1,0,0,0,1,0,0,0,1,2.661942,8.528131,-15.47488,1,0,0,0,0,0,0,0,0,
waterline,camera,1,0,0,0,1,0,0,0,1,0.02433669,5.348254,9.031177,1,0,0,0,0,0,0,0,0,
geometry,mast1,1,0,0,0,1,0,0,0,1,-0.01156329,9.809978,27.83022,1,0,0,0,0,0,0,0,0,
geometry,mast2,1,0,0,0,1,0,0,0,1,-0.109721,10.42291,15.75211,1,0,0,0,0,0,0,0,0,
geometry,mast3,1,0,0,0,1,0,0,0,1,0.3583579,12.13648,-2.952672,1,0,0,0,0,0,0,0,0,
geometry,mast4,1,0,0,0,1,0,0,0,1,-0.1357141,11.75968,-14.14767,1,0,0,0,0,0,0,0,0,
geometry,fonar_day,1,0,0,0,1,0,0,0,1,0.05123158,10.03035,-19.50515,1,0,0,0,0,0,0,0,0,
geometry,fonar_night,1,0,0,0,1,0,0,0,1,0.05123158,10.03035,-19.50515,1,0,0,0,0,0,0,0,0,
fireplace,locator1,1,0,0,0,1,0,0,0,1,-1.612824,5.128575,17.35176,1,0,0,0,0,0,0,0,0,
fireplace,locator2,1,0,0,0,1,0,0,0,1,0.5561463,3.99732,9.287642,1,0,0,0,0,0,0,0,0,
fireplace,locator3,1,0,0,0,1,0,0,0,1,-0.444917,3.99732,3.225648,1,0,0,0,0,0,0,0,0,
fireplace,locator4,1,0,0,0,1,0,0,0,1,0.5561463,6.394471,-7.841662,1,0,0,0,0,0,0,0,0,
fireplace,locator5,1,0,0,0,1,0,0,0,1,-0.889834,6.69982,-9.454487,1,0,0,0,0,0,0,0,0,
fireplace,locator6,1,0,0,0,1,0,0,0,1,0.9454486,8.542757,-16.74,1,0,0,0,0,0,0,0,0,
fireplace,locator7,1,0,0,0,1,0,0,0,1,2.725117,5.128575,14.51542,1,0,0,0,0,0,0,0,0,
cannonb,_41,-1,0,1.224606E-16,0,1,0,-1.224606E-16,0,-1,1.398015,3.23971,-18.48291,1,0,0,0,0,0,0,0,0,
cannonb,_42,-1,0,1.224606E-16,0,1,0,-1.224606E-16,0,-1,-1.304005,3.23971,-18.51215,1,0,0,0,0,0,0,0,0,
cannonb,_44,-1,0,1.224606E-16,0,1,0,-1.224606E-16,0,-1,-1.097202,7.910444,-19.3494,1,0,0,0,0,0,0,0,0,
cannonb,_43,-1,0,1.224606E-16,0,1,0,-1.224606E-16,0,-1,1.098151,7.915614,-19.33035,1,0,0,0,0,0,0,0,0,
cannonr,_21,0,0.06975647,-0.9975641,0,0.9975641,0.06975647,1,-6.938894E-18,0,3.656122,3.700058,16.77399,1,0,0,0,0,0,0,0,0,
cannonr,_22,0,0.06975647,-0.9975641,0,0.9975641,0.06975647,1,-6.938894E-18,0,3.936746,2.201423,15.22509,1,0,0,0,0,0,0,0,0,
cannonr,_23,0,0.06975647,-0.9975641,0,0.9975641,0.06975647,1,-6.938894E-18,0,3.823323,3.697225,13.77409,1,0,0,0,0,0,0,0,0,
cannonr,_24,0,0.06975647,-0.9975641,0,0.9975641,0.06975647,1,-6.938894E-18,0,4.18508,2.2083,12.22509,1,0,0,0,0,0,0,0,0,
cannonr,_25,0,0.06975647,-0.9975641,0,0.9975641,0.06975647,1,-6.938894E-18,0,4.255239,2.248779,9.233314,1,0,0,0,0,0,0,0,0,
cannonr,_26,0,0.06975647,-0.9975641,0,0.9975641,0.06975647,1,-6.938894E-18,0,4.001606,4.876533,8.307902,1,0,0,0,0,0,0,0,0,
cannonr,_27,0,0.06975647,-0.9975641,0,0.9975641,0.06975647,1,-6.938894E-18,0,4.340378,2.264246,6.225181,1,0,0,0,0,0,0,0,0,
cannonr,_28,0,0.06975647,-0.9975641,0,0.9975641,0.06975647,1,-6.938894E-18,0,4.08573,4.880092,4.320144,1,0,0,0,0,0,0,0,0,
cannonr,_29,0,0.06975647,-0.9975641,0,0.9975641,0.06975647,1,-6.938894E-18,0,4.653092,2.27328,3.195294,1,0,0,0,0,0,0,0,0,
cannonr,_30,0,0.06975647,-0.9975641,0,0.9975641,0.06975647,1,-6.938894E-18,0,4.656052,2.248399,0.2250195,1,0,0,0,0,0,0,0,0,
cannonr,_31,0,0.06975647,-0.9975641,0,0.9975641,0.06975647,1,-6.938894E-18,0,4.215213,4.327833,-1.382303,1,0,0,0,0,0,0,0,0,
cannonr,_32,0,0.06975647,-0.9975641,0,0.9975641,0.06975647,1,-6.938894E-18,0,4.614835,2.255838,-2.774906,1,0,0,0,0,0,0,0,0,
cannonr,_33,0,0.06975647,-0.9975641,0,0.9975641,0.06975647,1,-6.938894E-18,0,4.07179,4.326046,-4.444611,1,0,0,0,0,0,0,0,0,
cannonr,_34,0,0.06975647,-0.9975641,0,0.9975641,0.06975647,1,-6.938894E-18,0,4.562729,2.249643,-5.774906,1,0,0,0,0,0,0,0,0,
cannonr,_35,0,0.06975647,-0.9975641,0,0.9975641,0.06975647,1,-6.938894E-18,0,4.029338,4.310441,-7.444911,1,0,0,0,0,0,0,0,0,
cannonr,_36,0,0.06975647,-0.9975641,0,0.9975641,0.06975647,1,-6.938894E-18,0,4.341844,2.256333,-8.774789,1,0,0,0,0,0,0,0,0,
cannonr,_37,0,0.06975647,-0.9975641,0,0.9975641,0.06975647,1,-6.938894E-18,0,3.825744,4.298093,-10.44489,1,0,0,0,0,0,0,0,0,
cannonr,_38,0,0.06975647,-0.9975641,0,0.9975641,0.06975647,1,-6.938894E-18,0,4.083542,2.27328,-11.77783,1,0,0,0,0,0,0,0,0,
cannonr,_39,0,0.06975647,-0.9975641,0,0.9975641,0.06975647,1,-6.938894E-18,0,3.547129,4.314795,-13.44552,1,0,0,0,0,0,0,0,0,
cannonr,_40,0,0.06975647,-0.9975641,0,0.9975641,0.06975647,1,-6.938894E-18,0,3.226835,4.299303,-16.44501,1,0,0,0,0,0,0,0,0,
cannonl,_1,0.06363134,-0.1966001,0.9784168,0.008203906,0.9804735,0.1964799,-0.9979398,-0.004475437,0.06400174,-3.559736,3.702696,16.79891,1,0,0,0,0,0,0,0,0,
cannonl,_2,0,-0.06975647,0.9975641,0,0.9975641,0.06975647,-1,-6.938894E-18,0,-3.920243,2.209552,15.22509,1,0,0,0,0,0,0,0,0,
cannonl,_3,0,-0.06975647,0.9975641,0,0.9975641,0.06975647,-1,-6.938894E-18,0,-3.741449,3.684558,13.77409,1,0,0,0,0,0,0,0,0,
cannonl,_4,0,-0.06975647,0.9975641,0,0.9975641,0.06975647,-1,-6.938894E-18,0,-4.148188,2.212122,12.22509,1,0,0,0,0,0,0,0,0,
cannonl,_5,0,-0.06975647,0.9975641,0,0.9975641,0.06975647,-1,-6.938894E-18,0,-4.277867,2.248862,9.233314,1,0,0,0,0,0,0,0,0,
cannonl,_6,0,-0.06975647,0.9975641,0,0.9975641,0.06975647,-1,-6.938894E-18,0,-4.06213,4.89094,8.307902,1,0,0,0,0,0,0,0,0,
cannonl,_7,0,-0.06975647,0.9975641,0,0.9975641,0.06975647,-1,-6.938894E-18,0,-4.267075,2.257883,6.225181,1,0,0,0,0,0,0,0,0,
cannonl,_8,0,-0.06975647,0.9975641,0,0.9975641,0.06975647,-1,-6.938894E-18,0,-3.912368,4.847961,4.320144,1,0,0,0,0,0,0,0,0,
cannonl,_9,0,-0.06975647,0.9975641,0,0.9975641,0.06975647,-1,-6.938894E-18,0,-4.536261,2.244797,3.195294,1,0,0,0,0,0,0,0,0,
cannonl,_10,0,-0.06975647,0.9975641,0,0.9975641,0.06975647,-1,-6.938894E-18,0,-4.623088,2.248302,0.2250195,1,0,0,0,0,0,0,0,0,
cannonl,_11,0,-0.06975647,0.9975641,0,0.9975641,0.06975647,-1,-6.938894E-18,0,-4.140563,4.300921,-1.382303,1,0,0,0,0,0,0,0,0,
cannonl,_12,0,-0.06975647,0.9975641,0,0.9975641,0.06975647,-1,-6.938894E-18,0,-4.60394,2.252017,-2.774906,1,0,0,0,0,0,0,0,0,
cannonl,_13,0,-0.06975647,0.9975641,0,0.9975641,0.06975647,-1,-6.938894E-18,0,-4.007579,4.301797,-4.444611,1,0,0,0,0,0,0,0,0,
cannonl,_14,0,-0.06975647,0.9975641,0,0.9975641,0.06975647,-1,-6.938894E-18,0,-4.594405,2.254363,-5.774906,1,0,0,0,0,0,0,0,0,
cannonl,_15,0,-0.06975647,0.9975641,0,0.9975641,0.06975647,-1,-6.938894E-18,0,-3.983758,4.312751,-7.444911,1,0,0,0,0,0,0,0,0,
cannonl,_16,0,-0.06975647,0.9975641,0,0.9975641,0.06975647,-1,-6.938894E-18,0,-4.376359,2.259064,-8.774789,1,0,0,0,0,0,0,0,0,
cannonl,_17,0,-0.06975647,0.9975641,0,0.9975641,0.06975647,-1,-6.938894E-18,0,-3.785161,4.30365,-10.44489,1,0,0,0,0,0,0,0,0,
cannonl,_18,0,-0.06975647,0.9975641,0,0.9975641,0.06975647,-1,-6.938894E-18,0,-4.08064,2.263645,-11.77783,1,0,0,0,0,0,0,0,0,
cannonl,_19,0,-0.06975647,0.9975641,0,0.9975641,0.06975647,-1,-6.938894E-18,0,-3.550708,4.307485,-13.44552,1,0,0,0,0,0,0,0,0,
cannonl,_20,0,-0.06975647,0.9975641,0,0.9975641,0.06975647,-1,-6.938894E-18,0,-3.192526,4.302548,-16.44501,1,0,0,0,0,0,0,0,0,
cannonf,_45,1,0,0,0,0.9854347,0.1700541,0,-0.1700541,0.9854347,-1.585996,6.036268,18.9998,1,0,0,0,0,0,0,0,0,
cannonf,_46,1,0,0,0,0.9854347,0.1700541,0,-0.1700541,0.9854347,1.585996,6.036268,18.9998,1,0,0,0,0,0,0,0,0,
geometry,Part,1,0,0,0,1,0,0,0,1,0,0,0,1,0,0,0,0,0,0,0,0,
